8 0.23522727272727273 0.5818181818181818 0.221969696969697 0.6196969696969697 0.22954545454545455 0.6702020202020202 0.24280303030303033 0.6853535353535354 0.26553030303030306 0.697979797979798 0.26931818181818185 0.6575757575757576 0.25227272727272726 0.6146464646464647
8 0.05045965270684372 0.6106003858812847 0.05045965270684372 0.6605379639087504 0.06578140960163432 0.7013959822948587 0.08110316649642493 0.7263647713085916 0.1066394279877426 0.728634661218931 0.14239019407558734 0.703665872205198 0.1372829417773238 0.6741573033707865 0.11004426285325163 0.6446487345363751 0.08621041879468846 0.6196799455226422
8 0.2887980932924753 0.6764271932811259 0.3092271024855294 0.6491885143570537 0.3483827034388832 0.651458404267393 0.3807286346612189 0.651458404267393 0.40626489615253664 0.6855067529224833 0.3858358869594825 0.7082056520258768 0.35519237316990127 0.7240948813982522 0.3245488593803201 0.7218249914879129 0.29560776302349334 0.7059357621155374
8 0.17303370786516856 0.69685620247418 0.14579502894109636 0.7150153217568948 0.14239019407558734 0.8012711383497901 0.14409261150834185 0.8625581659289525 0.16962887299965954 0.8897968448530247 0.18495062989445013 0.8875269549426853 0.19346271705822268 0.8534786062875951 0.20027238678924073 0.7967313585291114 0.20197480422199526 0.7513335603223243 0.19176029962546817 0.7082056520258768
8 0.683758937691522 0.7763023493360571 0.7041879468845761 0.7581432300533425 0.7416411304051753 0.7490636704119851 0.7824991487912836 0.7536034502326637 0.8114402451481103 0.7581432300533425 0.8080354102826014 0.8103506979911476 0.7722846441947566 0.8307797071842016 0.7280217909431392 0.8466689365565772 0.6922710248552946 0.8194302576325049 0.6769492679605039 0.8035410282601294
8 0.6003404834865509 0.7853819089774146 0.5713993871297243 0.8080808080808082 0.5611848825331972 0.8375893769152197 0.5526727953694246 0.8602882760186131 0.5526727953694246 0.8875269549426853 0.5935308137555328 0.8807172852116673 0.6190670752468506 0.8489388264669163 0.6343888321416411 0.8171603677221655 0.6258767449778686 0.7831120190670754
8 0.39431818181818185 0.8166666666666667 0.39431818181818185 0.8444444444444446 0.4075757575757576 0.8772727272727273 0.4246212121212121 0.88989898989899 0.45681818181818185 0.9025252525252526 0.44545454545454544 0.8393939393939394 0.42272727272727273 0.798989898989899
8 0.33181818181818185 0.8343434343434345 0.33371212121212124 0.8848484848484849 0.3526515151515152 0.9227272727272727 0.39053030303030306 0.9126262626262627 0.38295454545454544 0.8520202020202021 0.36022727272727273 0.8191919191919194 0.3488636363636364 0.8191919191919194
8 0.7178072863466122 0.37907161502667125 0.7518556350017025 0.3677221654749745 0.7842015662240381 0.38815117466802856 0.8046305754170923 0.41311996368176146 0.7807967313585291 0.43808875269549424 0.753558052434457 0.4290091930541369 0.7280217909431392 0.4176597435024402
8 0.9016683690840994 0.36545227556463517 0.8965611167858359 0.4153898535921008 0.910180456247872 0.46532743161956647 0.9306094654409262 0.47440699126092384 0.9476336397684713 0.48121666099194194 0.9476336397684713 0.43127908296447626 0.9323118828736806 0.37453183520599254
8 0.3053030303030303 0.5186868686868688 0.32045454545454544 0.5792929292929293 0.33371212121212124 0.5944444444444446 0.3659090909090909 0.6095959595959597 0.39621212121212124 0.5843434343434344 0.37348484848484853 0.5590909090909091 0.3412878787878788 0.5287878787878788