8 0.665934065934066 0.31383790974583814 0.6813186813186813 0.301659125188537 0.6974358974358975 0.29697497728188266 0.7245421245421245 0.30821693225785296 0.7377289377289377 0.3241430351404776 0.7435897435897436 0.34850060425507995 0.7362637362637363 0.36911085504435887 0.717948717948718 0.37473183253234404 0.7040293040293041 0.37473183253234404 0.6666666666666666 0.3597425592310503 0.6542124542124542 0.34569011551108736 0.6542124542124542 0.33163767179112447 0.6578754578754579 0.314774739327169
8 0.767032967032967 0.321332546396485 0.7531135531135532 0.33351133095378616 0.747985347985348 0.34756377467374916 0.73992673992674 0.37004768462568977 0.7413919413919414 0.3869106170896452 0.7567765567765568 0.39815257206561555 0.780952380952381 0.3934684241589612 0.8014652014652015 0.3794159804389983 0.8117216117216117 0.3663003663003663 0.8095238095238095 0.34006913802310224 0.8014652014652015 0.3185220576524924 0.7824175824175824 0.31196425058317645
8 0.8234432234432235 0.29416448853789007 0.8087912087912088 0.2979118068632135 0.8043956043956044 0.31196425058317645 0.8095238095238095 0.3381954788604405 0.8131868131868132 0.3541215817430651 0.8234432234432235 0.3794159804389983 0.8380952380952381 0.38128963960166007 0.8498168498168499 0.36536353671903543 0.8527472527472528 0.34662694509241826 0.8483516483516483 0.32507986472180844 0.8380952380952381 0.3054064435138604
8 0.6080586080586081 0.2810488743992581 0.6212454212454211 0.26137545319131 0.641025641025641 0.25013349821533964 0.6586080586080586 0.24919666863400877 0.6827838827838828 0.26793326026062597 0.6893772893772894 0.28292253356191976 0.6842490842490843 0.2979118068632135 0.6578754578754579 0.30634327309519127 0.6351648351648351 0.31383790974583814 0.6146520146520146 0.31383790974583814 0.6036630036630036 0.2979118068632135 0.6036630036630036 0.2885435110499049
8 0.515018315018315 0.2866698518872432 0.49963369963369964 0.28760668146857404 0.4857142857142857 0.2960381477005518 0.4761904761904762 0.314774739327169 0.4761904761904762 0.3410059676044331 0.4908424908424909 0.3597425592310503 0.5186813186813186 0.34569011551108736 0.5421245421245421 0.32789035346580103 0.5516483516483517 0.31196425058317645 0.5472527472527472 0.29135399979389753 0.5369963369963371 0.28292253356191976 0.5238095238095238 0.2801120448179272
8 0.5487179487179488 0.23420739533271503 0.5443223443223443 0.2520071573780014 0.5479853479853479 0.2576281348659865 0.5633699633699634 0.2726174081672803 0.5743589743589743 0.28479619272458145 0.5875457875457876 0.28479619272458145 0.5985347985347985 0.27355423774861115 0.610989010989011 0.25856496444731736 0.5963369963369963 0.2370178840767076 0.5787545787545788 0.2257759291007373 0.5648351648351648 0.22390226993807558
8 0.1856 0.7222506393861892 0.1328 0.759079283887468 0.0912 0.8040920716112532 0.064 0.8757033248081841 0.064 0.9391304347826087 0.07840000000000001 0.9820971867007673 0.1024 0.9800511508951406 0.1504 0.967774936061381 0.2 0.9186700767263427 0.24 0.8593350383631714 0.272 0.8081841432225064 0.26239999999999997 0.7488491048593351 0.2368 0.7324808184143222 0.21280000000000002 0.7324808184143222
8 0.14933333333333335 0.3319124751349815 0.13244444444444445 0.3489627735152032 0.13244444444444445 0.36714975845410625 0.1511111111111111 0.38761011651037225 0.17155555555555554 0.39784029553850525 0.18844444444444447 0.3989769820971867 0.19733333333333333 0.38988348962773517 0.2008888888888889 0.37283319124751346 0.192 0.3512361466325661 0.16622222222222222 0.333049161693663
8 0.2568888888888889 0.35805626598465473 0.2311111111111111 0.35350951974992895 0.232 0.3762432509235578 0.24355555555555555 0.4012503552145496 0.2604444444444445 0.41602728047740833 0.2817777777777778 0.4205740267121342 0.2986666666666667 0.41261722080136404 0.2995555555555555 0.38420005683432795 0.2791111111111111 0.36601307189542487 0.27022222222222225 0.3603296391020176
8 0.22311111111111112 0.40011366865586817 0.2008888888888889 0.40579710144927533 0.19911111111111113 0.4251207729468599 0.20977777777777779 0.4398976982097187 0.21777777777777776 0.4512645637965331 0.23377777777777778 0.4569479965899403 0.25066666666666665 0.4569479965899403 0.26666666666666666 0.4512645637965331 0.2737777777777778 0.4342142654163114 0.25422222222222224 0.41602728047740833
8 0.608 0.31486217675475986 0.5902222222222222 0.32963910201761865 0.5813333333333334 0.35578289286729187 0.5928888888888889 0.3807899971582836 0.615111111111111 0.38988348962773517 0.6346666666666666 0.3864734299516908 0.6462222222222221 0.3603296391020176 0.6506666666666666 0.32963910201761865 0.6293333333333334 0.3216822961068485
8 0.4826666666666667 0.25234441602728047 0.4728888888888889 0.2534811025859619 0.4577777777777778 0.26484796817277634 0.4426666666666667 0.27735152031827226 0.4613333333333333 0.2898550724637681 0.4782222222222222 0.2932651321398125 0.5031111111111111 0.2875816993464052 0.528888888888889 0.2830349531116795 0.5493333333333333 0.2830349531116795 0.536 0.2659846547314578 0.5164444444444445 0.2477976697925547 0.49777777777777776 0.24552429667519182
8 0.6542222222222221 0.36373969877806195 0.6444444444444445 0.36828644501278773 0.6337777777777778 0.3864734299516908 0.6355555555555555 0.4012503552145496 0.656 0.4092071611253197 0.6808888888888889 0.41261722080136404 0.7022222222222222 0.40238704177323104 0.7057777777777778 0.3819266837169651 0.6888888888888889 0.37283319124751346 0.6737777777777778 0.36373969877806195
8 0.5324444444444445 0.8309178743961353 0.520888888888889 0.8422847399829496 0.5173333333333334 0.8684285308326228 0.5217777777777778 0.8911622620062518 0.5315555555555556 0.9013924410343848 0.5493333333333333 0.9048025007104291 0.5653333333333334 0.8991190679170219 0.568 0.8854788292128446 0.5626666666666666 0.8570616652458084 0.5475555555555556 0.8388746803069054
8 0.5395555555555556 0.9104859335038363 0.5191111111111111 0.9241261722080136 0.5155555555555555 0.9434498437055983 0.5111111111111111 0.96845694799659 0.5164444444444445 0.9923273657289002 0.5271111111111111 0.9923273657289002 0.5386666666666666 0.9809605001420858 0.5377777777777778 0.945723216822961
8 0.6293333333333334 0.8456947996589941 0.607111111111111 0.8388746803069054 0.584 0.8536516055697642 0.5768888888888889 0.8786587098607559 0.576 0.9036658141517476 0.5946666666666667 0.9161693662972435 0.6204444444444445 0.9059391872691106 0.6231111111111111 0.876385336743393