8 0.7908496732026143 0.40588235294117647 0.7686274509803921 0.4294117647058823 0.7555555555555555 0.46862745098039216 0.7490196078431373 0.5078431372549019 0.7490196078431373 0.5411764705882353 0.7620915032679738 0.5784313725490197 0.7973856209150326 0.5509803921568628 0.807843137254902 0.5078431372549019 0.8156862745098039 0.4568627450980392 0.8156862745098039 0.4176470588235294
8 0.06274509803921569 0.4549019607843137 0.06143790849673203 0.496078431372549 0.0823529411764706 0.5313725490196078 0.10065359477124183 0.5411764705882353 0.12287581699346406 0.5254901960784314 0.11241830065359476 0.4764705882352941 0.09019607843137255 0.4549019607843137
8 0.21568627450980393 0.49411764705882355 0.23921568627450981 0.4764705882352941 0.26666666666666666 0.47843137254901963 0.2823529411764706 0.4901960784313726 0.28888888888888886 0.5137254901960785 0.2758169934640523 0.5372549019607843 0.24183006535947713 0.5372549019607843 0.21830065359477124 0.5235294117647059
8 0.209799861973775 0.5610766045548654 0.19185645272601792 0.5859213250517599 0.20427881297446512 0.598343685300207 0.22498274672187715 0.6149068322981366 0.2553485162180814 0.6004140786749481 0.24568668046928915 0.577639751552795 0.22774327122153207 0.5693581780538302
8 0.465359477124183 0.5745098039215686 0.5006535947712418 0.5647058823529412 0.5333333333333333 0.5588235294117647 0.550326797385621 0.5588235294117647 0.5529411764705883 0.5705882352941177 0.5411764705882353 0.5980392156862745 0.5202614379084968 0.611764705882353 0.4888888888888889 0.6215686274509804 0.4718954248366013 0.6098039215686274 0.46143790849673205 0.5941176470588235
8 0.13725490196078433 0.5196078431372548 0.12679738562091503 0.5450980392156862 0.12026143790849673 0.5980392156862745 0.12679738562091503 0.6509803921568628 0.1450980392156863 0.6647058823529411 0.1647058823529412 0.615686274509804 0.16209150326797384 0.5588235294117647 0.1568627450980392 0.5254901960784314
8 0.7755555555555554 0.6195238095238095 0.7977777777777777 0.5885714285714285 0.8422222222222221 0.5647619047619047 0.8836601307189543 0.5490196078431373 0.8980392156862745 0.5901960784313726 0.8967320261437909 0.6078431372549019 0.8784313725490196 0.6294117647058824 0.8496732026143792 0.6627450980392158 0.7934640522875817 0.6686274509803922 0.7647058823529412 0.6509803921568628 0.7633986928104576 0.6294117647058824
8 0.411764705882353 0.5823529411764706 0.3908496732026144 0.611764705882353 0.3869281045751634 0.6529411764705882 0.3973856209150327 0.6529411764705882 0.4287581699346405 0.6313725490196078 0.4392156862745098 0.5960784313725491
8 0.8633333333333333 0.695 0.8874074074074075 0.6561111111111111 0.9207407407407409 0.6422222222222222 0.9522222222222222 0.6477777777777778 0.9651851851851853 0.6616666666666666 0.9503703703703704 0.7033333333333334 0.9244444444444444 0.7227777777777779 0.9040740740740741 0.7255555555555556 0.8855555555555555 0.7227777777777779
8 0.2784313725490196 0.6862745098039216 0.2496732026143791 0.6901960784313725 0.23921568627450981 0.7196078431372549 0.25359477124183005 0.7450980392156863 0.28104575163398693 0.7470588235294118 0.3058823529411765 0.7274509803921569 0.31503267973856214 0.6941176470588236 0.2941176470588235 0.6764705882352942
8 0.32026143790849676 0.7215686274509804 0.30980392156862746 0.7450980392156863 0.32287581699346407 0.7549019607843137 0.35032679738562095 0.7607843137254903 0.3751633986928105 0.7352941176470589 0.3594771241830066 0.7137254901960784 0.3437908496732026 0.7137254901960784
8 0.8171152518978605 0.743271221532091 0.8391994478951 0.7267080745341614 0.862663906142167 0.7163561076604554 0.880607315389924 0.7163561076604554 0.9054520358868184 0.7308488612836439 0.8957902001380262 0.7619047619047619 0.8681849551414769 0.7763975155279503 0.8447204968944099 0.7867494824016562 0.8267770876466528 0.7826086956521738 0.8074534161490683 0.7598343685300206
8 0.30849673202614375 0.7647058823529411 0.29150326797385623 0.7725490196078432 0.2941176470588235 0.7941176470588236 0.31633986928104574 0.8098039215686275 0.330718954248366 0.8019607843137255 0.35555555555555557 0.7960784313725491 0.3450980392156863 0.7666666666666667 0.32679738562091504 0.7607843137254903
8 0.6823529411764706 0.7823529411764706 0.7071895424836602 0.7745098039215687 0.7359477124183007 0.7666666666666667 0.754248366013072 0.7686274509803922 0.7568627450980393 0.7862745098039216 0.74640522875817 0.8058823529411765 0.7163398692810458 0.8254901960784314 0.6993464052287581 0.8352941176470589 0.6732026143790849 0.8333333333333334 0.6653594771241831 0.8117647058823529
8 0.7108350586611455 0.8343685300207039 0.7425810904071772 0.8198757763975155 0.7632850241545893 0.8178053830227743 0.7881297446514838 0.8178053830227743 0.7867494824016563 0.8385093167701864 0.7715665976535541 0.8612836438923395 0.7522429261559697 0.8674948240165632 0.7260179434092477 0.8530020703933746
8 0.6039215686274509 0.29215686274509806 0.6039215686274509 0.3333333333333333 0.6143790849673203 0.3588235294117647 0.6405228758169935 0.36666666666666664 0.6366013071895426 0.32156862745098036 0.6222222222222222 0.2862745098039216 0.615686274509804 0.2823529411764706