8 0.79 0.46994884910485935 0.77 0.47794117647058826 0.76 0.4955242966751918 0.76875 0.5242966751918159 0.78875 0.5402813299232737 0.81375 0.5418797953964194 0.825 0.5163043478260869 0.81375 0.4843350383631714 0.8025 0.47794117647058826
8 0.31547619047619047 0.46279381317744495 0.30119047619047623 0.5023748629886737 0.3 0.5282547801729388 0.3178571428571429 0.5754475703324808 0.3321428571428572 0.5739252222628183 0.3404761904761905 0.5419559127999026 0.3380952380952381 0.5038972110583364 0.33095238095238094 0.4749725977347461
8 0.3761904761904762 0.49628547071002316 0.3523809523809524 0.5038972110583364 0.33690476190476193 0.5267324321032761 0.3345238095238095 0.5769699184021435 0.34761904761904766 0.5982827913774206 0.36190476190476195 0.587626354889782 0.375 0.5602240896358543 0.3821428571428572 0.5252100840336135
8 0.815 0.5434782608695652 0.7925 0.5562659846547314 0.78125 0.5866368286445013 0.78125 0.6170076726342711 0.785 0.6202046035805626 0.82 0.6058184143222506 0.835 0.5834398976982097 0.8325 0.5562659846547314
8 0.84625 0.5898337595907929 0.82125 0.6122122762148338 0.815 0.639386189258312 0.8225 0.6569693094629157 0.85125 0.6457800511508951 0.8625 0.6154092071611253 0.8625 0.5946291560102301
8 0.30119047619047623 0.5891487029594447 0.2988095238095238 0.6226403604920229 0.2988095238095238 0.6500426257459506 0.3178571428571429 0.6683108025819023 0.3345238095238095 0.6713554987212276 0.34761904761904766 0.6576543660942639 0.3416666666666667 0.6195956643526976 0.32142857142857145 0.5952380952380952
8 0.39404761904761904 0.6317744489099988 0.36547619047619045 0.6530873218852759 0.375 0.6804895871392035 0.3880952380952381 0.7170259408111072 0.4095238095238095 0.712458896602119 0.42380952380952386 0.6804895871392035 0.41190476190476194 0.6424308853976374
8 0.3488095238095238 0.6683108025819023 0.3261904761904762 0.6896236755571794 0.3261904761904762 0.7246376811594204 0.3321428571428572 0.761174034831324 0.35714285714285715 0.7824869078066009 0.37738095238095243 0.7596516867616612 0.375 0.7063695043234686 0.37023809523809526 0.6774448909998783
8 0.42380952380952386 0.6850566313481915 0.41428571428571426 0.7170259408111072 0.42261904761904767 0.7429058579953721 0.430952380952381 0.7748751674582877 0.4511904761904762 0.7733528193886251 0.46071428571428574 0.7520399464133479 0.45595238095238094 0.7063695043234686 0.44642857142857145 0.6789672390695409
8 0.39166666666666666 0.7276823772987455 0.37142857142857144 0.7429058579953721 0.369047619047619 0.7824869078066009 0.38333333333333336 0.8129338691998539 0.39642857142857146 0.8251126537571551 0.425 0.8190232614785045 0.430952380952381 0.7870539520155888 0.4166666666666667 0.7383388137863841 0.40357142857142864 0.7246376811594204
8 0.4273809523809524 0.8129338691998539 0.40476190476190477 0.8312020460358056 0.39761904761904765 0.8616490074290586 0.4 0.8997077091706247 0.41785714285714287 0.9179758860065765 0.4416666666666667 0.911886493727926 0.4523809523809524 0.8814395323346731 0.4511904761904762 0.8312020460358056
8 0.4 0.907319449518938 0.38452380952380955 0.9134088417975886 0.380952380952381 0.9438558031908415 0.3904761904761905 0.959079283887468 0.41428571428571426 0.9712580684447693 0.4428571428571429 0.9621239800267933 0.4523809523809524 0.9408111070515164 0.4392857142857143 0.9194982340762392 0.42142857142857143 0.9149311898672513
8 0.34548148148148144 0.05512929809605001 0.3251111111111111 0.06696978308231505 0.33622222222222214 0.12143601401913422 0.3584444444444444 0.15222127498342333 0.38992592592592584 0.13564459600265225 0.37881481481481477 0.09538694704935112 0.3695555555555555 0.06696978308231505