14 0.6292397660818713 0.36090225563909767 0.6157894736842104 0.3546365914786967 0.6093567251461988 0.3947368421052631 0.615204678362573 0.4348370927318295 0.6292397660818713 0.49373433583959897 0.6473684210526315 0.5213032581453634 0.6561403508771929 0.47493734335839594 0.654970760233918 0.40225563909774437 0.6532163742690058 0.3571428571428571 0.6409356725146198 0.3446115288220551
14 0.5666666666666665 0.4010025062656641 0.5461988304093567 0.4172932330827067 0.5239766081871344 0.4373433583959899 0.5093567251461988 0.462406015037594 0.5040935672514619 0.48997493734335834 0.5093567251461988 0.5150375939849623 0.5181286549707602 0.5037593984962405 0.5497076023391813 0.4511278195488721 0.5292397660818713 0.49874686716791977 0.5239766081871344 0.525062656641604 0.5263157894736842 0.5463659147869674 0.5409356725146198 0.5338345864661653 0.5555555555555555 0.5025062656641603 0.5643274853801169 0.45363408521303256 0.5701754385964912 0.4210526315789473
14 0.5789473684210525 0.4210526315789473 0.5649122807017543 0.4636591478696741 0.5514619883040935 0.5137844611528821 0.5461988304093567 0.5438596491228069 0.5508771929824561 0.5714285714285714 0.5631578947368421 0.575187969924812 0.5736842105263158 0.5689223057644109 0.5847953216374269 0.5426065162907268 0.5941520467836257 0.47243107769423553 0.5941520467836257 0.4436090225563909 0.587719298245614 0.4122807017543859
14 0.5413043478260869 0.19099378881987575 0.5268115942028985 0.20186335403726705 0.5253623188405797 0.23602484472049687 0.5427536231884058 0.2717391304347826 0.56231884057971 0.3136645962732919 0.5789855072463768 0.3307453416149068 0.5833333333333334 0.28726708074534163 0.5775362318840579 0.24378881987577639 0.56231884057971 0.19720496894409936 0.5514492753623188 0.17546583850931677 0.5463768115942028 0.16770186335403725
14 0.463768115942029 0.23602484472049687 0.45942028985507244 0.20807453416149066 0.4514492753623188 0.2127329192546584 0.43913043478260866 0.2406832298136646 0.4275362318840579 0.28726708074534163 0.42318840579710143 0.31521739130434784 0.41739130434782606 0.3462732919254658 0.4413043478260869 0.3338509316770186 0.4557971014492753 0.3167701863354037 0.4681159420289855 0.28726708074534163 0.4768115942028985 0.2608695652173913 0.4731884057971014 0.234472049689441
14 0.5159420289855072 0.3633540372670807 0.49202898550724633 0.37422360248447206 0.4673913043478261 0.4021739130434782 0.4572463768115942 0.43322981366459623 0.4615942028985507 0.4611801242236025 0.472463768115942 0.4642857142857143 0.47028985507246374 0.48447204968944096 0.48405797101449277 0.5015527950310559 0.5101449275362319 0.45031055900621114 0.5268115942028985 0.40993788819875776 0.5304347826086957 0.38819875776397517
14 0.6687285223367698 0.45949926362297494 0.6728522336769759 0.4403534609720177 0.6804123711340206 0.44624447717231225 0.6907216494845361 0.4683357879234168 0.6962199312714777 0.5066273932253313 0.702405498281787 0.5655375552282769 0.6941580756013745 0.5817378497790869 0.6804123711340206 0.5581737849779087 0.6646048109965637 0.5257731958762887 0.6556701030927835 0.5007363770250368 0.6584192439862543 0.4639175257731959
14 0.6460481099656358 0.5463917525773195 0.6577319587628866 0.5625920471281296 0.6611683848797251 0.5773195876288659 0.6701030927835052 0.5949926362297496 0.6666666666666666 0.6170839469808542 0.6556701030927835 0.6435935198821797 0.6391752577319588 0.6612665684830633 0.6144329896907217 0.678939617083947 0.6034364261168386 0.6597938144329897 0.6096219931271478 0.6273932253313697 0.6171821305841925 0.6023564064801178 0.6254295532646048 0.5802650957290133 0.6309278350515464 0.5640648011782032
14 0.7890034364261169 0.5773195876288659 0.7883161512027491 0.6023564064801178 0.7986254295532645 0.6200294550810015 0.7917525773195877 0.6539027982326951 0.7628865979381444 0.6774668630338734 0.7340206185567011 0.6848306332842415 0.7285223367697595 0.6612665684830633 0.7367697594501718 0.6244477172312224 0.7512027491408935 0.6023564064801178 0.7649484536082475 0.5817378497790869 0.7759450171821306 0.5699558173784978
14 0.7015873015873015 0.10204081632653061 0.6825396825396826 0.12018140589569161 0.6931216931216931 0.163265306122449 0.7206349206349206 0.23582766439909297 0.7322751322751322 0.26077097505668934 0.7396825396825396 0.21768707482993196 0.7386243386243386 0.16099773242630386 0.7174603174603175 0.09977324263038548 0.7111111111111111 0.08843537414965986
14 0.3746031746031746 0.1383219954648526 0.3544973544973545 0.18820861678004536 0.34179894179894177 0.23356009070294784 0.33439153439153435 0.272108843537415 0.3566137566137566 0.26077097505668934 0.3862433862433863 0.23809523809523808 0.4021164021164021 0.19954648526077096 0.40634920634920635 0.17006802721088435 0.4 0.163265306122449 0.3968253968253968 0.1383219954648526